Iterations	Fitness (Avergage from 30 samples)
{
1.79959851504837E-12,
2500,
5.82924464160433E-16,
4.36349577518872E-14,
5.56829299071327E-15,
2500,
1.89574387672646E-14,
2500,
1.03687201823352E-13,
1.91698623118846E-14,
2.25115980448133E-13,
1.1760308306727E-13,
2500.00000000001,
2500,
8.7894936343793E-13,
2500,
2500,
1.203056504237E-15,
2.16670873930834E-13,
3.57146533606509E-15,
1.30787109776123E-16,
4.65771665111255E-13,
2500,
1.44602882137532E-12,
8.71121733434402E-14,
5.42639480543801E-13,
1.48187531733199E-15,
2.76732274049071E-13,
3.70516144869986E-18,
3.0850160577247E-14,
}
