Iterations	Fitness (Avergage from 30 samples)
{
307.045022897315,
263.089846337833,
332.046015296439,
390.545252552622,
333.844720537699,
250.86929967878,
376.332181836414,
311.681561693719,
333.744239026673,
369.987147290001,
336.67780672179,
346.06814461219,
380.528420498179,
289.028725479091,
370.355780969748,
285.885483330765,
331.052150796979,
289.276899779318,
320.04970179994,
354.550146628658,
349.856339962214,
325.108349607827,
248.613199146367,
278.372018728126,
428.765757169799,
294.655355912797,
350.043198783537,
320.463553806195,
337.975604116331,
392.027904839098,
}
