Iterations	Fitness (Avergage from 30 samples)
{
16.1034407397681,
16.0274357620246,
15.414854606356,
747.906351296317,
15.9893503627238,
14.0749692491972,
56.7650961564674,
15.2063346051117,
8.27256348664953,
1.41313432455897,
3.03572937803376,
20.9743964790821,
16.0071243036689,
15.9573974814978,
4.30867089408808,
15.9519348506171,
14.0950328163606,
15.3770607967559,
13.9846071631363,
14.8901089154842,
16.253790881666,
14.7514538663809,
15.9666829740083,
15.1091931108212,
16.3441766988018,
67.72302734935,
194.592816750139,
15.4825820241434,
15.952120166133,
18.6138328376569,
}
