Iterations	Fitness (Avergage from 30 samples)
{
2232.80795487074,
4460.45940102317,
4086.32301453221,
5447.38251469379,
4527.51022869133,
4472.09688826386,
2501.09208035528,
2346.10311341306,
1404.66850530276,
6038.8126045013,
6524.49560085604,
5331.78289523184,
6160.37008432167,
7669.36150542615,
6809.114178896,
6910.34800632503,
5899.1384145384,
4948.52387711586,
5384.05213714179,
6501.76388597456,
10735.4011432618,
3448.08246229486,
7260.79582751943,
7275.25730722686,
8245.06651660207,
7349.29326213728,
4948.04313441857,
2250.02870456445,
7202.35729122035,
8156.94100618323,
}
