Iterations	Fitness (Avergage from 30 samples)
{
206.838578630316,
133.828354448398,
141.914294003915,
216.914298932767,
134.823516574637,
120.766908457481,
328.427715689832,
165.793062810243,
163.929422034665,
186.939503647302,
196.762807077156,
123.752705964537,
190.457310159721,
122.88401796544,
163.826554904718,
156.838578630316,
210.944588480291,
159.949590571045,
130.210227834847,
303.615495008436,
117.909253930431,
163.929421761489,
95.8942952835617,
163.929416723668,
167.657009685257,
111.813419540986,
159.949923991869,
109.69703809093,
168.904206971514,
50.8689310274893,
}
