Iterations	Fitness (Avergage from 30 samples)
{
1602.98479891318,
522.869683432804,
693.652035126219,
1431.69880118452,
2405.43372235901,
3789.12711785929,
2196.95141702069,
1227.98438925659,
2220.69172708346,
3401.62104813401,
971.750786835244,
1595.90958130179,
1681.31972832508,
2187.25915396677,
2894.41382988021,
1822.084259814,
2428.11280165875,
2022.84435116838,
1691.75090752259,
397.10437519937,
672.544025859056,
1023.24911821016,
2280.01292691539,
1403.48380178672,
1102.24310823431,
3053.39701306426,
2693.82406926387,
1416.08244140771,
1713.13937038161,
708.751857482729,
}
