Iterations	Fitness (Avergage from 30 samples)
{
74.8739663516942,
135.439766534763,
88.6772636478175,
166.535772708247,
109.444888447424,
75.6165491124995,
122.505537171883,
155.46499648383,
101.737760000517,
117.40460711708,
132.58125298984,
70.6419061987919,
126.611503131774,
140.793260841558,
105.717530418031,
82.5813543392063,
71.6369209911065,
137.429908651047,
77.7327442921438,
170.515639437308,
115.667110913326,
86.6873808892407,
125.616640756656,
130.591375451979,
137.429664452235,
140.414694040712,
106.712575482698,
136.687279722772,
160.313606530892,
102.732724095429,
}
