Iterations	Fitness (Avergage from 30 samples)
{
2.51688258759546E-53,
2.58483287575093E-50,
9.38226141575815E-53,
1.36990075680456E-55,
4.12173233379954E-51,
1.61195206775999E-46,
6.55017137033389E-51,
9.97911392213638E-49,
5.20040084393611E-49,
1.23055498047477E-50,
1.36354557272749E-50,
2.00302216110576E-53,
1.7323470298869E-49,
4.08424901231365E-52,
1.04803103653439E-45,
1.40291048600245E-51,
7.39075101749446E-52,
4.85561580337944E-53,
3.0061802001414E-53,
2.64562131965705E-53,
2.36253387077371E-44,
2.52926883773623E-47,
8.90719838650076E-53,
2500,
1.21789294908018E-48,
5.04355760142741E-51,
2500,
1.222480154686E-49,
2500,
2.68371337759133E-47,
}
