Iterations	Fitness (Avergage from 30 samples)
{
79.3725890916878,
138.233936741681,
6.27450911829902,
70.8608637029466,
752.200998986358,
103.786362425342,
80.7951805565938,
1173.54659806579,
867.724260325936,
1550.19041551847,
1955.16047843584,
2174.62589177814,
3.99712841245637,
470.630576999686,
68.4662133559066,
24.7527119229067,
473.286796439742,
756.997157173214,
5.16570842619691,
425.640747955432,
2171.14882408211,
673.170802767711,
469.21834975428,
25.1773528564461,
1007.49575455881,
25.0069876606254,
2667.27422418864,
77.0424101023115,
1212.33588235614,
1566.3444566753,
}
