Iterations	Fitness (Avergage from 30 samples)
{
4.22147450433176,
0.272151627572424,
5.89365633846676,
1.67450466403533,
0.0061856105223393,
0.440275061830956,
4.40482998059255,
5.20989340504793,
71.987131364823,
5.78250328684489,
11.066058858416,
3.13415124047037,
4.28902508068353,
3.97391109220029,
3.99728418794804,
0.00156757421230777,
4.84129140917088,
4.77883586784814,
0.000373101190745299,
4.59394303729831,
5.01073254792017,
9.74439707951272,
5.12800732032298,
7.24992199635901,
4.99979345174871,
2.0583001468687,
1.08714788415785,
14.7131047713068,
0.21768403820103,
1.35388918281757,
}
