Iterations	Fitness (Avergage from 30 samples)
{
1.95399300964573E-183,
2.62558745763434E-184,
3.90615331583008E-183,
2.42068591013077E-187,
6.91248905717535E-183,
9.88508711528543E-179,
5.97854277908674E-183,
3.77783896217607E-180,
4.01979752055246E-178,
1.13051577357073E-186,
4.995653124706E-186,
3.06241932128825E-185,
1.17900989330647E-181,
1.94909136977346E-179,
4.10007168341113E-181,
4.46623392019616E-185,
1.13876392498238E-184,
3.81355749234411E-181,
2500,
9.95197963973817E-185,
2.55834542844822E-185,
5.05824945314092E-184,
5.9589026470268E-184,
5.91524079241921E-178,
1.91030933335926E-183,
1.09855359610848E-183,
1.61277836078348E-184,
1.12906276927662E-182,
4.48123496961358E-184,
1.52552327324881E-177,
}
