Iterations	Fitness (Avergage from 30 samples)
{
1.89202391486598E-44,
2500,
3.48240428986873E-49,
2.05415269965067E-47,
1.81555527946619E-45,
1.55510210933706E-45,
6.38903357633077E-47,
2500,
2500,
3.6245800126569E-46,
2500,
5.71513621859793E-46,
4.26271583744755E-44,
2.04980913027074E-47,
2.49006983597553E-46,
9.83314562249782E-46,
3.59332816174347E-44,
2500,
7.5695248516503E-43,
1.86007141222635E-46,
5.45349291029956E-45,
2.30135117733691E-48,
4.64005260088715E-43,
3.45489378790385E-44,
5.34229207829455E-43,
7.98510140441321E-44,
1.41447779999974E-44,
2500,
5.80042882400461E-44,
2.27592989701195E-45,
}
