Iterations	Fitness (Avergage from 30 samples)
{
359.886980661399,
298.920841967903,
262.714407035094,
294.160891539006,
337.725696346941,
289.777721221186,
295.126417232205,
318.699386568205,
279.547837943778,
260.084020500602,
265.215039870527,
255.785158817862,
269.083917604874,
261.787238053602,
334.243005224282,
309.683451515775,
347.451817157452,
296.796516239216,
262.802785778579,
286.964510812997,
319.400025984672,
275.455331099254,
254.482119254385,
332.943098929743,
267.045586725881,
273.477281512156,
290.536436961734,
280.695642383396,
240.399441902759,
274.68210275356,
}
