Iterations	Fitness (Avergage from 30 samples)
{
1795.52869114388,
783.841101214563,
780.356339169369,
698.867127672744,
2646.39899272915,
1211.01647188349,
572.48347726855,
789.987883741591,
824.252165425783,
1883.75499270907,
897.959208594034,
2141.42302535599,
1531.18082773899,
470.279935308936,
908.481042547937,
1148.52639217871,
1286.19632150574,
880.005881555273,
341.348950241339,
975.677778720529,
630.761583333157,
1867.5735193178,
589.447635513597,
2167.32944820698,
1344.13648264129,
524.532838680493,
1697.11633765151,
2857.71382348275,
925.283434136004,
494.524484175807,
}
