Iterations	Fitness (Avergage from 30 samples)
{
193.904212009134,
136.9395036473,
160.944544590207,
196.888993097202,
185.818272562568,
234.949585533114,
185.944544590207,
231.838436334195,
143.904212009134,
171.889084142595,
141.914293894948,
170.894130123321,
166.914293894948,
139.92438081858,
186.9395036473,
168.904206971315,
121.889084142595,
183.828349410563,
167.909252952041,
140.7930577732,
229.848518220009,
196.762781842604,
166.914298932767,
53.7274952422569,
193.904206971315,
94.8991710662277,
195.894120047683,
141.914293894948,
144.899166028409,
184.949585533114,
}
