Iterations	Fitness (Avergage from 30 samples)
{
77.6065842882733,
131.586415478827,
129.596558137681,
205.591136290986,
113.551098606128,
115.5409965236,
121.510755949417,
137.68221858315,
113.551073188697,
86.8134548855373,
151.61162523118,
178.601518110833,
92.5309754108269,
120.641906198792,
139.672004522292,
71.6368753769615,
90.6671716863658,
64.6721366973368,
109.445173222563,
184.571201604714,
87.6823197496195,
74.6217525482414,
59.6974476161587,
103.475388379315,
59.8235418091698,
129.470179722857,
96.6368400213517,
128.601583921693,
204.470260875509,
101.737795356127,
}
