Iterations	Fitness (Avergage from 30 samples)
{
3208.65064006689,
1374.39560026604,
1975.29984112505,
3638.07333179966,
2967.86648308935,
4188.97130526183,
2209.16324920304,
2614.82276230761,
1358.37113010042,
2660.96009986019,
4531.07836247816,
4456.17228809154,
2732.43498464451,
2959.47158028088,
3356.80704619092,
4167.43878859511,
5026.39406301378,
1937.03312344381,
1478.14882234558,
3999.78509424191,
3008.4593398579,
1295.6234994918,
1977.77403403263,
4135.44081552878,
2446.21264809388,
1839.39783319808,
2413.36088330213,
3210.4143263321,
1911.94971392194,
1741.2199132828,
}
