Iterations	Fitness (Avergage from 30 samples)
{
5.02494151705121E-188,
7.10867260272897E-183,
1.09903319283867E-182,
2.22651579715691E-187,
2.63144601207538E-183,
6.34077555871714E-184,
1.95506075091815E-185,
1.274000628893E-183,
3.48483633065946E-182,
1.83252701884734E-180,
6.2219816728053E-182,
5.28824366934193E-184,
1.79273416968124E-181,
1.24770020297363E-174,
4.06786996297416E-183,
4.26413736956757E-185,
3.88154455642608E-181,
1.25941373673456E-184,
1.55132156643974E-184,
6.34957628911437E-182,
1.48063613597716E-189,
2.12543894942221E-183,
5.15934007429133E-185,
1.21945455014394E-185,
8.2721890266411E-180,
1.49788569258983E-181,
9.57694731966649E-181,
1.73903379701294E-181,
5.55993886606769E-183,
5.63964500652585E-184,
}
