Iterations	Fitness (Avergage from 30 samples)
{
1.63989994737187,
1875.17484827913,
802.217684038201,
11.367123661492,
756.127162949409,
869.609707872026,
0.217684038200888,
748.192693779468,
750.133178694745,
201.252757526261,
3299.97840271665,
8.40749256818777,
4.20457456581018,
11.2452264008612,
78.1772208214427,
73.856534280375,
748.356952728605,
22.3117435752628,
25.3979332492133,
1538.70195644635,
18.6351325604032,
182.095815357124,
1230.34277304072,
795.862697298249,
2424.68770577511,
930.079798222835,
4.20439244229589,
81.6818037255615,
1150.46480094818,
23.0569867491358,
}
