Iterations	Fitness (Avergage from 30 samples)
{
300.009153125251,
375.000226141559,
275.013922900785,
250.154250232088,
350.00431160027,
450.000003170198,
275.029562392383,
225.187662707865,
201.2944562962,
275.00434792638,
350.00021289172,
325.0005971373,
349.873946681745,
324.883367667345,
203.316149971198,
276.036939521238,
175.919933748268,
325.000069205427,
300.029188728559,
250.049760811847,
276.012340106735,
325.00900424435,
151.629975167852,
250.001926956453,
87.1788833916307,
179.3320141269,
400.000547719213,
450.00000000378,
226.08636684738,
475,
}
