Iterations	Fitness (Avergage from 30 samples)
{
0.0739241396915009,
10000.0072848798,
12500.0258776255,
7500.06581921179,
12500.0016555488,
12500.0116206063,
15000.0008017325,
2500.11142579507,
7500.02169158129,
7500.01713986609,
5000.12023453054,
12500.0283928887,
15000.0091069156,
20000.0006048723,
10000.0282152552,
10000.1466834098,
7500.01376674148,
15000.02831353,
7500.01826564461,
10000.0092054541,
10000.0577993542,
10000.0110064021,
7500.00710296528,
5000.02785516231,
17500.0045474217,
10000.025327921,
5000.01425891337,
5000.0262503182,
10000.0119641375,
10000.1482822483,
}
