Iterations	Fitness (Avergage from 30 samples)
{
2500.00000000001,
15000.0000000001,
12500,
5000.00000000001,
12500.0000000001,
15000,
2500.00000000014,
7500.00000000001,
5000.00000000003,
5000.00000000001,
2500,
12500,
12500,
7500.00000000007,
7500.00000000005,
2500.00000000007,
5000.00000000033,
10000,
2500.00000000001,
2500.00000000002,
7500.00000000001,
7500.00000000203,
10000,
17500.0000000012,
2500,
2500.00000000001,
10000.0000000019,
7500.00000000006,
12500.0000000483,
7500.00000000001,
}
