Iterations	Fitness (Avergage from 30 samples)
{
7500.00000004541,
5000.00000000011,
5000.00000000002,
12500,
12500.0000000286,
10000.0000000001,
12500.0000000001,
7500.00000000001,
7500.0000000001,
7500.00000000005,
12500,
7500.00000000034,
7500.00000000006,
5000.00000000029,
12500.0000000001,
5000.00000000043,
7500.00000000016,
2500.00000000026,
7500.00000000002,
5000.00000000006,
7500.00000000021,
17500.0000000012,
7500.00000000003,
15000.0000000001,
12500.0000000281,
5000.00000000003,
10000.0000000002,
12500.0000000003,
15000.0000000001,
5000.00000000005,
}
