Iterations	Fitness (Avergage from 30 samples)
{
4571.35508337458,
3015.26773819999,
1169.71306522593,
4354.77036626161,
2387.7886936368,
1173.5081483843,
4450.22005719854,
2023.40612903692,
1224.30988966587,
3123.70179516898,
3839.42972123014,
3919.87031034687,
1754.62047162119,
3006.64386937059,
3224.89390524401,
6094.38203041689,
2182.93814713746,
5891.3647977484,
2752.74642755406,
24817.3502255986,
5691.61360339055,
4328.37132920949,
5189.72929155507,
1176.41023883142,
5625.65963645901,
7735.01822148811,
2349.6271072843,
1344.49417807075,
2704.43847042642,
4970.50573270276,
}
