Iterations	Fitness (Avergage from 30 samples)
{
3632.03469937851,
1888.53300892047,
22287.0006377293,
592.74848740933,
2071.81232427435,
929.9053618648,
3329.89607037298,
4003.7637177567,
1424.76522599965,
2076.06074933922,
5074.54521193033,
3217.95674146049,
7368.78504341302,
2785.51088141876,
3080.88790625832,
7848.43783874793,
2908.93725831148,
5173.13003256047,
4659.73594283741,
7028.05596887721,
4296.71661082343,
7591.31225506737,
3259.93417524665,
4989.13442125713,
2317.05522637466,
1559.27833123178,
6173.90843698463,
7747.80529797765,
1947.10132358797,
6461.6510325925,
}
