Iterations	Fitness (Avergage from 30 samples)
{
325.616600363235,
381.460154308488,
370.767965081631,
254.722632133978,
338.424817056179,
180.339146489632,
342.530543855075,
323.374133155945,
248.626748060124,
223.626773477332,
272.757928809965,
383.576181774581,
510.818384586367,
297.631794040626,
318.778112778306,
277.354249121638,
295.515578664275,
416.66203969807,
403.475236560883,
368.651957812253,
230.465174871796,
282.707443494399,
297.631748426482,
289.672172235844,
222.505699847616,
325.490425201477,
332.455133562296,
364.545946238218,
348.374250217564,
297.757868039608,
}
