Iterations	Fitness (Avergage from 30 samples)
{
252.98487717128,
228.979836228379,
327.98487717128,
352.858600105822,
277.98487717128,
211.939498609482,
303.979831190554,
400.994959057093,
139.79807852073,
215.919314641141,
326.989918114187,
232.959667418928,
375.994959057093,
314.924350546228,
156.964708361834,
400.868681991636,
180.969754342561,
304.974790247647,
227.98487717128,
179.848518220009,
354.974795285467,
276.989918114189,
400.994959057097,
228.979836228374,
109.823308467656,
376.989918114187,
327.98487717128,
132.833395391291,
306.964713399654,
352.98487717128,
}
