Iterations	Fitness (Avergage from 30 samples)
{
2294.72060002081,
0.217684038201426,
520.074121139147,
7056.92762784885,
5112.62159446061,
3326.97838763298,
4801.83308793125,
5692.32754140091,
4211.3211163755,
6376.54698609879,
6027.53957044369,
6848.86500766231,
4076.16370102512,
1919.49924174263,
3497.55642617655,
3660.8855988424,
5733.16091317758,
1356.40348302378,
6892.40375250004,
2878.2012372955,
1992.68209276741,
5987.4033722132,
934.621066975918,
0.00480313462485002,
2744.36121002139,
4179.68522003875,
1851.95162791806,
4.79013847305261,
722.036495648883,
6083.90191992585,
}
