Iterations	Fitness (Avergage from 30 samples)
{
18216.9632711388,
9551.00365021036,
7753.50896378709,
10329.4247646614,
19252.8809920599,
9097.23485577185,
16943.4660006842,
13131.7265110055,
7421.02635115862,
12820.047744894,
14924.0056870077,
12432.8468946176,
9713.13881445403,
17085.8686875716,
15094.785659063,
8372.95734068806,
11308.2750144517,
28.6909194631523,
13889.2000304008,
9597.03555395531,
28.695363168538,
9973.05646190891,
12513.7582617678,
16288.2856387045,
11075.9654318532,
28.6984502982761,
8195.21149257259,
14441.9728194195,
14087.3586443459,
14076.8318824517,
}
