Iterations	Fitness (Avergage from 30 samples)
{
1.34862148463458E-46,
25667.9896683379,
1.4080812834165E-88,
18586.1206778954,
3.05355972031032E-72,
4.32031908956376E-73,
2.0962486103502E-88,
1.73075666094309E-93,
29325.9981900944,
26570.0068957938,
3.35590888699225E-73,
23568.0228920266,
2.62105115739198E-22,
3.05297206505873E-64,
26209.4125068638,
30788.9577603235,
1.75050913120826E-70,
28841.6858151367,
30316.0952558191,
23928.0112295801,
21441.8369967029,
33001.4135795421,
2.18562071849168E-99,
26061.9594736971,
2.00592510333122E-98,
30907.2938226542,
8.31780910115591E-91,
29902.8473075032,
1.14462146459715E-35,
3.10753301795521E-94,
}
